2024/11/14-14:36:26.666316 70000b69b000 RocksDB version: 5.18.4
2024/11/14-14:36:26.666432 70000b69b000 Git sha rocksdb_build_git_sha:b9a4a10659969c71e6f6eab4e4bae8c36ede919f
2024/11/14-14:36:26.666436 70000b69b000 Compile date Mar 11 2020
2024/11/14-14:36:26.666441 70000b69b000 DB SUMMARY
2024/11/14-14:36:26.666569 70000b69b000 CURRENT file:  CURRENT
2024/11/14-14:36:26.666571 70000b69b000 IDENTITY file:  IDENTITY
2024/11/14-14:36:26.666588 70000b69b000 MANIFEST file:  MANIFEST-000007 size: 228 Bytes
2024/11/14-14:36:26.666591 70000b69b000 SST files in /Users/wangjiafu/Documents/workspace/idea/wangjiafu/springcloud_test/nacos/data/protocol/raft/naming_persistent_service_v2/log dir, Total Num: 2, files: 000006.sst 000008.sst 
2024/11/14-14:36:26.666593 70000b69b000 Write Ahead Log file in /Users/wangjiafu/Documents/workspace/idea/wangjiafu/springcloud_test/nacos/data/protocol/raft/naming_persistent_service_v2/log: 000009.log size: 159 ; 
2024/11/14-14:36:26.666596 70000b69b000                         Options.error_if_exists: 0
2024/11/14-14:36:26.666600 70000b69b000                       Options.create_if_missing: 1
2024/11/14-14:36:26.666604 70000b69b000                         Options.paranoid_checks: 1
2024/11/14-14:36:26.666606 70000b69b000                                     Options.env: 0x11dbdf308
2024/11/14-14:36:26.666607 70000b69b000                                Options.info_log: 0x600002c65860
2024/11/14-14:36:26.666609 70000b69b000                Options.max_file_opening_threads: 16
2024/11/14-14:36:26.666610 70000b69b000                              Options.statistics: 0x600003e213b0
2024/11/14-14:36:26.666612 70000b69b000                               Options.use_fsync: 0
2024/11/14-14:36:26.666613 70000b69b000                       Options.max_log_file_size: 0
2024/11/14-14:36:26.666614 70000b69b000                  Options.max_manifest_file_size: 1073741824
2024/11/14-14:36:26.666616 70000b69b000                   Options.log_file_time_to_roll: 0
2024/11/14-14:36:26.666617 70000b69b000                       Options.keep_log_file_num: 1000
2024/11/14-14:36:26.666618 70000b69b000                    Options.recycle_log_file_num: 0
2024/11/14-14:36:26.666619 70000b69b000                         Options.allow_fallocate: 1
2024/11/14-14:36:26.666621 70000b69b000                        Options.allow_mmap_reads: 0
2024/11/14-14:36:26.666622 70000b69b000                       Options.allow_mmap_writes: 0
2024/11/14-14:36:26.666623 70000b69b000                        Options.use_direct_reads: 0
2024/11/14-14:36:26.666625 70000b69b000                        Options.use_direct_io_for_flush_and_compaction: 0
2024/11/14-14:36:26.666626 70000b69b000          Options.create_missing_column_families: 1
2024/11/14-14:36:26.666628 70000b69b000                              Options.db_log_dir: 
2024/11/14-14:36:26.666629 70000b69b000                                 Options.wal_dir: /Users/wangjiafu/Documents/workspace/idea/wangjiafu/springcloud_test/nacos/data/protocol/raft/naming_persistent_service_v2/log
2024/11/14-14:36:26.666631 70000b69b000                Options.table_cache_numshardbits: 6
2024/11/14-14:36:26.666632 70000b69b000                      Options.max_subcompactions: 1
2024/11/14-14:36:26.666633 70000b69b000                  Options.max_background_flushes: 1
2024/11/14-14:36:26.666635 70000b69b000                         Options.WAL_ttl_seconds: 0
2024/11/14-14:36:26.666636 70000b69b000                       Options.WAL_size_limit_MB: 0
2024/11/14-14:36:26.666638 70000b69b000             Options.manifest_preallocation_size: 4194304
2024/11/14-14:36:26.666639 70000b69b000                     Options.is_fd_close_on_exec: 1
2024/11/14-14:36:26.666640 70000b69b000                   Options.advise_random_on_open: 1
2024/11/14-14:36:26.666642 70000b69b000                    Options.db_write_buffer_size: 0
2024/11/14-14:36:26.666643 70000b69b000                    Options.write_buffer_manager: 0x6000002b0330
2024/11/14-14:36:26.666644 70000b69b000         Options.access_hint_on_compaction_start: 1
2024/11/14-14:36:26.666646 70000b69b000  Options.new_table_reader_for_compaction_inputs: 0
2024/11/14-14:36:26.666682 70000b69b000           Options.random_access_max_buffer_size: 1048576
2024/11/14-14:36:26.666684 70000b69b000                      Options.use_adaptive_mutex: 0
2024/11/14-14:36:26.666685 70000b69b000                            Options.rate_limiter: 0x0
2024/11/14-14:36:26.666690 70000b69b000     Options.sst_file_manager.rate_bytes_per_sec: 0
2024/11/14-14:36:26.666692 70000b69b000                       Options.wal_recovery_mode: 2
2024/11/14-14:36:26.666693 70000b69b000                  Options.enable_thread_tracking: 0
2024/11/14-14:36:26.666694 70000b69b000                  Options.enable_pipelined_write: 0
2024/11/14-14:36:26.666696 70000b69b000         Options.allow_concurrent_memtable_write: 1
2024/11/14-14:36:26.666697 70000b69b000      Options.enable_write_thread_adaptive_yield: 1
2024/11/14-14:36:26.666698 70000b69b000             Options.write_thread_max_yield_usec: 100
2024/11/14-14:36:26.666699 70000b69b000            Options.write_thread_slow_yield_usec: 3
2024/11/14-14:36:26.666701 70000b69b000                               Options.row_cache: None
2024/11/14-14:36:26.666702 70000b69b000                              Options.wal_filter: None
2024/11/14-14:36:26.666703 70000b69b000             Options.avoid_flush_during_recovery: 0
2024/11/14-14:36:26.666704 70000b69b000             Options.allow_ingest_behind: 0
2024/11/14-14:36:26.666706 70000b69b000             Options.preserve_deletes: 0
2024/11/14-14:36:26.666707 70000b69b000             Options.two_write_queues: 0
2024/11/14-14:36:26.666708 70000b69b000             Options.manual_wal_flush: 0
2024/11/14-14:36:26.666709 70000b69b000             Options.max_background_jobs: 2
2024/11/14-14:36:26.666711 70000b69b000             Options.max_background_compactions: 4
2024/11/14-14:36:26.666712 70000b69b000             Options.avoid_flush_during_shutdown: 0
2024/11/14-14:36:26.666713 70000b69b000           Options.writable_file_max_buffer_size: 1048576
2024/11/14-14:36:26.666715 70000b69b000             Options.delayed_write_rate : 16777216
2024/11/14-14:36:26.666716 70000b69b000             Options.max_total_wal_size: 0
2024/11/14-14:36:26.666717 70000b69b000             Options.delete_obsolete_files_period_micros: 21600000000
2024/11/14-14:36:26.666719 70000b69b000                   Options.stats_dump_period_sec: 600
2024/11/14-14:36:26.666720 70000b69b000                          Options.max_open_files: -1
2024/11/14-14:36:26.666721 70000b69b000                          Options.bytes_per_sync: 0
2024/11/14-14:36:26.666723 70000b69b000                      Options.wal_bytes_per_sync: 0
2024/11/14-14:36:26.666724 70000b69b000       Options.compaction_readahead_size: 0
2024/11/14-14:36:26.666725 70000b69b000 Compression algorithms supported:
2024/11/14-14:36:26.666730 70000b69b000 	kZSTD supported: 1
2024/11/14-14:36:26.666731 70000b69b000 	kZlibCompression supported: 1
2024/11/14-14:36:26.666733 70000b69b000 	kXpressCompression supported: 0
2024/11/14-14:36:26.666734 70000b69b000 	kSnappyCompression supported: 1
2024/11/14-14:36:26.666735 70000b69b000 	kZSTDNotFinalCompression supported: 1
2024/11/14-14:36:26.666736 70000b69b000 	kLZ4HCCompression supported: 1
2024/11/14-14:36:26.666738 70000b69b000 	kLZ4Compression supported: 1
2024/11/14-14:36:26.666739 70000b69b000 	kBZip2Compression supported: 1
2024/11/14-14:36:26.666741 70000b69b000 Fast CRC32 supported: Not supported on x86
2024/11/14-14:36:26.667371 70000b69b000 [/version_set.cc:3508] Recovering from manifest file: MANIFEST-000007
2024/11/14-14:36:26.667735 70000b69b000 [/column_family.cc:474] --------------- Options for column family [default]:
2024/11/14-14:36:26.667741 70000b69b000               Options.comparator: leveldb.BytewiseComparator
2024/11/14-14:36:26.667743 70000b69b000           Options.merge_operator: StringAppendOperator
2024/11/14-14:36:26.667747 70000b69b000        Options.compaction_filter: None
2024/11/14-14:36:26.667749 70000b69b000        Options.compaction_filter_factory: None
2024/11/14-14:36:26.667750 70000b69b000         Options.memtable_factory: SkipListFactory
2024/11/14-14:36:26.667798 70000b69b000            Options.table_factory: BlockBasedTable
2024/11/14-14:36:26.667828 70000b69b000            table_factory options:   flush_block_policy_factory: FlushBlockBySizePolicyFactory (0x600000e0a9a0)
  cache_index_and_filter_blocks: 0
  cache_index_and_filter_blocks_with_high_priority: 1
  pin_l0_filter_and_index_blocks_in_cache: 1
  pin_top_level_index_and_filter: 1
  index_type: 2
  hash_index_allow_collision: 1
  checksum: 1
  no_block_cache: 0
  block_cache: 0x600003d059b8
  block_cache_name: LRUCache
  block_cache_options:
    capacity : 536870912
    num_shard_bits : 8
    strict_capacity_limit : 0
    memory_allocator : None
    high_pri_pool_ratio: 0.000
  block_cache_compressed: 0x0
  persistent_cache: 0x0
  block_size: 4096
  block_size_deviation: 10
  block_restart_interval: 16
  index_block_restart_interval: 1
  metadata_block_size: 8192
  partition_filters: 1
  use_delta_encoding: 1
  filter_policy: nullptr
  whole_key_filtering: 1
  verify_compression: 0
  read_amp_bytes_per_bit: 0
  format_version: 0
  enable_index_compression: 1
  block_align: 0
2024/11/14-14:36:26.667834 70000b69b000        Options.write_buffer_size: 134217728
2024/11/14-14:36:26.667835 70000b69b000  Options.max_write_buffer_number: 6
2024/11/14-14:36:26.667837 70000b69b000        Options.compression[0]: NoCompression
2024/11/14-14:36:26.667839 70000b69b000        Options.compression[1]: NoCompression
2024/11/14-14:36:26.667841 70000b69b000        Options.compression[2]: Snappy
2024/11/14-14:36:26.667843 70000b69b000        Options.compression[3]: Snappy
2024/11/14-14:36:26.667844 70000b69b000        Options.compression[4]: Snappy
2024/11/14-14:36:26.667846 70000b69b000        Options.compression[5]: Snappy
2024/11/14-14:36:26.667847 70000b69b000        Options.compression[6]: Snappy
2024/11/14-14:36:26.667849 70000b69b000                  Options.bottommost_compression: Disabled
2024/11/14-14:36:26.667850 70000b69b000       Options.prefix_extractor: rocksdb.FixedPrefix.8
2024/11/14-14:36:26.667852 70000b69b000   Options.memtable_insert_with_hint_prefix_extractor: nullptr
2024/11/14-14:36:26.667854 70000b69b000             Options.num_levels: 7
2024/11/14-14:36:26.667855 70000b69b000        Options.min_write_buffer_number_to_merge: 2
2024/11/14-14:36:26.667857 70000b69b000     Options.max_write_buffer_number_to_maintain: 0
2024/11/14-14:36:26.667858 70000b69b000            Options.bottommost_compression_opts.window_bits: -14
2024/11/14-14:36:26.667859 70000b69b000                  Options.bottommost_compression_opts.level: 32767
2024/11/14-14:36:26.667861 70000b69b000               Options.bottommost_compression_opts.strategy: 0
2024/11/14-14:36:26.667863 70000b69b000         Options.bottommost_compression_opts.max_dict_bytes: 0
2024/11/14-14:36:26.667864 70000b69b000         Options.bottommost_compression_opts.zstd_max_train_bytes: 0
2024/11/14-14:36:26.667866 70000b69b000                  Options.bottommost_compression_opts.enabled: false
2024/11/14-14:36:26.667870 70000b69b000            Options.compression_opts.window_bits: -14
2024/11/14-14:36:26.667872 70000b69b000                  Options.compression_opts.level: 32767
2024/11/14-14:36:26.667874 70000b69b000               Options.compression_opts.strategy: 0
2024/11/14-14:36:26.667876 70000b69b000         Options.compression_opts.max_dict_bytes: 0
2024/11/14-14:36:26.667877 70000b69b000         Options.compression_opts.zstd_max_train_bytes: 0
2024/11/14-14:36:26.667879 70000b69b000                  Options.compression_opts.enabled: false
2024/11/14-14:36:26.667881 70000b69b000      Options.level0_file_num_compaction_trigger: 2
2024/11/14-14:36:26.667882 70000b69b000          Options.level0_slowdown_writes_trigger: 20
2024/11/14-14:36:26.667884 70000b69b000              Options.level0_stop_writes_trigger: 40
2024/11/14-14:36:26.667886 70000b69b000                   Options.target_file_size_base: 67108864
2024/11/14-14:36:26.667888 70000b69b000             Options.target_file_size_multiplier: 1
2024/11/14-14:36:26.667889 70000b69b000                Options.max_bytes_for_level_base: 536870912
2024/11/14-14:36:26.667914 70000b69b000 Options.level_compaction_dynamic_level_bytes: 0
2024/11/14-14:36:26.667916 70000b69b000          Options.max_bytes_for_level_multiplier: 10.000000
2024/11/14-14:36:26.667919 70000b69b000 Options.max_bytes_for_level_multiplier_addtl[0]: 1
2024/11/14-14:36:26.667921 70000b69b000 Options.max_bytes_for_level_multiplier_addtl[1]: 1
2024/11/14-14:36:26.667922 70000b69b000 Options.max_bytes_for_level_multiplier_addtl[2]: 1
2024/11/14-14:36:26.667924 70000b69b000 Options.max_bytes_for_level_multiplier_addtl[3]: 1
2024/11/14-14:36:26.667926 70000b69b000 Options.max_bytes_for_level_multiplier_addtl[4]: 1
2024/11/14-14:36:26.667928 70000b69b000 Options.max_bytes_for_level_multiplier_addtl[5]: 1
2024/11/14-14:36:26.667929 70000b69b000 Options.max_bytes_for_level_multiplier_addtl[6]: 1
2024/11/14-14:36:26.667931 70000b69b000       Options.max_sequential_skip_in_iterations: 8
2024/11/14-14:36:26.667933 70000b69b000                    Options.max_compaction_bytes: 1677721600
2024/11/14-14:36:26.667935 70000b69b000                        Options.arena_block_size: 16777216
2024/11/14-14:36:26.667936 70000b69b000   Options.soft_pending_compaction_bytes_limit: 68719476736
2024/11/14-14:36:26.667938 70000b69b000   Options.hard_pending_compaction_bytes_limit: 274877906944
2024/11/14-14:36:26.667939 70000b69b000       Options.rate_limit_delay_max_milliseconds: 100
2024/11/14-14:36:26.667941 70000b69b000                Options.disable_auto_compactions: 0
2024/11/14-14:36:26.667943 70000b69b000                        Options.compaction_style: kCompactionStyleLevel
2024/11/14-14:36:26.667945 70000b69b000                          Options.compaction_pri: kByCompensatedSize
2024/11/14-14:36:26.667947 70000b69b000 Options.compaction_options_universal.size_ratio: 1
2024/11/14-14:36:26.667949 70000b69b000 Options.compaction_options_universal.min_merge_width: 2
2024/11/14-14:36:26.667950 70000b69b000 Options.compaction_options_universal.max_merge_width: 4294967295
2024/11/14-14:36:26.667952 70000b69b000 Options.compaction_options_universal.max_size_amplification_percent: 200
2024/11/14-14:36:26.667954 70000b69b000 Options.compaction_options_universal.compression_size_percent: -1
2024/11/14-14:36:26.667956 70000b69b000 Options.compaction_options_universal.stop_style: kCompactionStopStyleTotalSize
2024/11/14-14:36:26.667958 70000b69b000 Options.compaction_options_fifo.max_table_files_size: 1073741824
2024/11/14-14:36:26.667960 70000b69b000 Options.compaction_options_fifo.allow_compaction: 0
2024/11/14-14:36:26.667961 70000b69b000 Options.compaction_options_fifo.ttl: 0
2024/11/14-14:36:26.667963 70000b69b000                   Options.table_properties_collectors: 
2024/11/14-14:36:26.667965 70000b69b000                   Options.inplace_update_support: 0
2024/11/14-14:36:26.667967 70000b69b000                 Options.inplace_update_num_locks: 10000
2024/11/14-14:36:26.667968 70000b69b000               Options.memtable_prefix_bloom_size_ratio: 0.125000
2024/11/14-14:36:26.667971 70000b69b000   Options.memtable_huge_page_size: 0
2024/11/14-14:36:26.667973 70000b69b000                           Options.bloom_locality: 0
2024/11/14-14:36:26.667974 70000b69b000                    Options.max_successive_merges: 0
2024/11/14-14:36:26.667976 70000b69b000                Options.optimize_filters_for_hits: 0
2024/11/14-14:36:26.667978 70000b69b000                Options.paranoid_file_checks: 0
2024/11/14-14:36:26.667979 70000b69b000                Options.force_consistency_checks: 1
2024/11/14-14:36:26.667981 70000b69b000                Options.report_bg_io_stats: 0
2024/11/14-14:36:26.667982 70000b69b000                               Options.ttl: 0
2024/11/14-14:36:26.680173 70000b69b000 [/column_family.cc:474] --------------- Options for column family [Configuration]:
2024/11/14-14:36:26.680183 70000b69b000               Options.comparator: leveldb.BytewiseComparator
2024/11/14-14:36:26.680186 70000b69b000           Options.merge_operator: StringAppendOperator
2024/11/14-14:36:26.680233 70000b69b000        Options.compaction_filter: None
2024/11/14-14:36:26.680235 70000b69b000        Options.compaction_filter_factory: None
2024/11/14-14:36:26.680237 70000b69b000         Options.memtable_factory: SkipListFactory
2024/11/14-14:36:26.680238 70000b69b000            Options.table_factory: BlockBasedTable
2024/11/14-14:36:26.680258 70000b69b000            table_factory options:   flush_block_policy_factory: FlushBlockBySizePolicyFactory (0x600000e0a9a0)
  cache_index_and_filter_blocks: 0
  cache_index_and_filter_blocks_with_high_priority: 1
  pin_l0_filter_and_index_blocks_in_cache: 1
  pin_top_level_index_and_filter: 1
  index_type: 2
  hash_index_allow_collision: 1
  checksum: 1
  no_block_cache: 0
  block_cache: 0x600003d059b8
  block_cache_name: LRUCache
  block_cache_options:
    capacity : 536870912
    num_shard_bits : 8
    strict_capacity_limit : 0
    memory_allocator : None
    high_pri_pool_ratio: 0.000
  block_cache_compressed: 0x0
  persistent_cache: 0x0
  block_size: 4096
  block_size_deviation: 10
  block_restart_interval: 16
  index_block_restart_interval: 1
  metadata_block_size: 8192
  partition_filters: 1
  use_delta_encoding: 1
  filter_policy: nullptr
  whole_key_filtering: 1
  verify_compression: 0
  read_amp_bytes_per_bit: 0
  format_version: 0
  enable_index_compression: 1
  block_align: 0
2024/11/14-14:36:26.680264 70000b69b000        Options.write_buffer_size: 134217728
2024/11/14-14:36:26.680265 70000b69b000  Options.max_write_buffer_number: 6
2024/11/14-14:36:26.680267 70000b69b000        Options.compression[0]: NoCompression
2024/11/14-14:36:26.680268 70000b69b000        Options.compression[1]: NoCompression
2024/11/14-14:36:26.680270 70000b69b000        Options.compression[2]: Snappy
2024/11/14-14:36:26.680271 70000b69b000        Options.compression[3]: Snappy
2024/11/14-14:36:26.680272 70000b69b000        Options.compression[4]: Snappy
2024/11/14-14:36:26.680274 70000b69b000        Options.compression[5]: Snappy
2024/11/14-14:36:26.680275 70000b69b000        Options.compression[6]: Snappy
2024/11/14-14:36:26.680277 70000b69b000                  Options.bottommost_compression: Disabled
2024/11/14-14:36:26.680278 70000b69b000       Options.prefix_extractor: rocksdb.FixedPrefix.8
2024/11/14-14:36:26.680280 70000b69b000   Options.memtable_insert_with_hint_prefix_extractor: nullptr
2024/11/14-14:36:26.680281 70000b69b000             Options.num_levels: 7
2024/11/14-14:36:26.680282 70000b69b000        Options.min_write_buffer_number_to_merge: 2
2024/11/14-14:36:26.680283 70000b69b000     Options.max_write_buffer_number_to_maintain: 0
2024/11/14-14:36:26.680285 70000b69b000            Options.bottommost_compression_opts.window_bits: -14
2024/11/14-14:36:26.680286 70000b69b000                  Options.bottommost_compression_opts.level: 32767
2024/11/14-14:36:26.680288 70000b69b000               Options.bottommost_compression_opts.strategy: 0
2024/11/14-14:36:26.680289 70000b69b000         Options.bottommost_compression_opts.max_dict_bytes: 0
2024/11/14-14:36:26.680291 70000b69b000         Options.bottommost_compression_opts.zstd_max_train_bytes: 0
2024/11/14-14:36:26.680292 70000b69b000                  Options.bottommost_compression_opts.enabled: false
2024/11/14-14:36:26.680293 70000b69b000            Options.compression_opts.window_bits: -14
2024/11/14-14:36:26.680295 70000b69b000                  Options.compression_opts.level: 32767
2024/11/14-14:36:26.680296 70000b69b000               Options.compression_opts.strategy: 0
2024/11/14-14:36:26.680298 70000b69b000         Options.compression_opts.max_dict_bytes: 0
2024/11/14-14:36:26.680299 70000b69b000         Options.compression_opts.zstd_max_train_bytes: 0
2024/11/14-14:36:26.680300 70000b69b000                  Options.compression_opts.enabled: false
2024/11/14-14:36:26.680302 70000b69b000      Options.level0_file_num_compaction_trigger: 2
2024/11/14-14:36:26.680303 70000b69b000          Options.level0_slowdown_writes_trigger: 20
2024/11/14-14:36:26.680305 70000b69b000              Options.level0_stop_writes_trigger: 40
2024/11/14-14:36:26.680331 70000b69b000                   Options.target_file_size_base: 67108864
2024/11/14-14:36:26.680333 70000b69b000             Options.target_file_size_multiplier: 1
2024/11/14-14:36:26.680334 70000b69b000                Options.max_bytes_for_level_base: 536870912
2024/11/14-14:36:26.680336 70000b69b000 Options.level_compaction_dynamic_level_bytes: 0
2024/11/14-14:36:26.680337 70000b69b000          Options.max_bytes_for_level_multiplier: 10.000000
2024/11/14-14:36:26.680340 70000b69b000 Options.max_bytes_for_level_multiplier_addtl[0]: 1
2024/11/14-14:36:26.680341 70000b69b000 Options.max_bytes_for_level_multiplier_addtl[1]: 1
2024/11/14-14:36:26.680343 70000b69b000 Options.max_bytes_for_level_multiplier_addtl[2]: 1
2024/11/14-14:36:26.680344 70000b69b000 Options.max_bytes_for_level_multiplier_addtl[3]: 1
2024/11/14-14:36:26.680346 70000b69b000 Options.max_bytes_for_level_multiplier_addtl[4]: 1
2024/11/14-14:36:26.680347 70000b69b000 Options.max_bytes_for_level_multiplier_addtl[5]: 1
2024/11/14-14:36:26.680348 70000b69b000 Options.max_bytes_for_level_multiplier_addtl[6]: 1
2024/11/14-14:36:26.680350 70000b69b000       Options.max_sequential_skip_in_iterations: 8
2024/11/14-14:36:26.680352 70000b69b000                    Options.max_compaction_bytes: 1677721600
2024/11/14-14:36:26.680353 70000b69b000                        Options.arena_block_size: 16777216
2024/11/14-14:36:26.680355 70000b69b000   Options.soft_pending_compaction_bytes_limit: 68719476736
2024/11/14-14:36:26.680356 70000b69b000   Options.hard_pending_compaction_bytes_limit: 274877906944
2024/11/14-14:36:26.680358 70000b69b000       Options.rate_limit_delay_max_milliseconds: 100
2024/11/14-14:36:26.680359 70000b69b000                Options.disable_auto_compactions: 0
2024/11/14-14:36:26.680361 70000b69b000                        Options.compaction_style: kCompactionStyleLevel
2024/11/14-14:36:26.680363 70000b69b000                          Options.compaction_pri: kByCompensatedSize
2024/11/14-14:36:26.680364 70000b69b000 Options.compaction_options_universal.size_ratio: 1
2024/11/14-14:36:26.680366 70000b69b000 Options.compaction_options_universal.min_merge_width: 2
2024/11/14-14:36:26.680367 70000b69b000 Options.compaction_options_universal.max_merge_width: 4294967295
2024/11/14-14:36:26.680369 70000b69b000 Options.compaction_options_universal.max_size_amplification_percent: 200
2024/11/14-14:36:26.680370 70000b69b000 Options.compaction_options_universal.compression_size_percent: -1
2024/11/14-14:36:26.680373 70000b69b000 Options.compaction_options_universal.stop_style: kCompactionStopStyleTotalSize
2024/11/14-14:36:26.680374 70000b69b000 Options.compaction_options_fifo.max_table_files_size: 1073741824
2024/11/14-14:36:26.680376 70000b69b000 Options.compaction_options_fifo.allow_compaction: 0
2024/11/14-14:36:26.680377 70000b69b000 Options.compaction_options_fifo.ttl: 0
2024/11/14-14:36:26.680379 70000b69b000                   Options.table_properties_collectors: 
2024/11/14-14:36:26.680380 70000b69b000                   Options.inplace_update_support: 0
2024/11/14-14:36:26.680382 70000b69b000                 Options.inplace_update_num_locks: 10000
2024/11/14-14:36:26.680383 70000b69b000               Options.memtable_prefix_bloom_size_ratio: 0.125000
2024/11/14-14:36:26.680385 70000b69b000   Options.memtable_huge_page_size: 0
2024/11/14-14:36:26.680387 70000b69b000                           Options.bloom_locality: 0
2024/11/14-14:36:26.680388 70000b69b000                    Options.max_successive_merges: 0
2024/11/14-14:36:26.680389 70000b69b000                Options.optimize_filters_for_hits: 0
2024/11/14-14:36:26.680391 70000b69b000                Options.paranoid_file_checks: 0
2024/11/14-14:36:26.680392 70000b69b000                Options.force_consistency_checks: 1
2024/11/14-14:36:26.680393 70000b69b000                Options.report_bg_io_stats: 0
2024/11/14-14:36:26.680395 70000b69b000                               Options.ttl: 0
2024/11/14-14:36:26.692659 70000b69b000 [/version_set.cc:3724] Recovered from manifest file:/Users/wangjiafu/Documents/workspace/idea/wangjiafu/springcloud_test/nacos/data/protocol/raft/naming_persistent_service_v2/log/MANIFEST-000007 succeeded,manifest_file_number is 7, next_file_number is 10, last_sequence is 2, log_number is 0,prev_log_number is 0,max_column_family is 1,min_log_number_to_keep is 0
2024/11/14-14:36:26.692795 70000b69b000 [/version_set.cc:3732] Column family [default] (ID 0), log number is 4
2024/11/14-14:36:26.692800 70000b69b000 [/version_set.cc:3732] Column family [Configuration] (ID 1), log number is 4
2024/11/14-14:36:26.693255 70000b69b000 EVENT_LOG_v1 {"time_micros": 1731566186693242, "job": 1, "event": "recovery_started", "log_files": [9]}
2024/11/14-14:36:26.693266 70000b69b000 [/db_impl_open.cc:578] Recovering log #9 mode 2
2024/11/14-14:36:26.694693 70000b69b000 EVENT_LOG_v1 {"time_micros": 1731566186694679, "cf_name": "default", "job": 1, "event": "table_file_creation", "file_number": 10, "file_size": 802, "table_properties": {"data_size": 66, "index_size": 49, "filter_size": 0, "raw_key_size": 16, "raw_average_key_size": 16, "raw_value_size": 34, "raw_average_value_size": 34, "num_data_blocks": 1, "num_entries": 1, "filter_policy_name": ""}}
2024/11/14-14:36:26.699288 70000b69b000 [/version_set.cc:3037] Creating manifest 11
2024/11/14-14:36:26.702133 70000b69b000 EVENT_LOG_v1 {"time_micros": 1731566186702117, "cf_name": "Configuration", "job": 1, "event": "table_file_creation", "file_number": 12, "file_size": 846, "table_properties": {"data_size": 103, "index_size": 49, "filter_size": 0, "raw_key_size": 42, "raw_average_key_size": 21, "raw_value_size": 42, "raw_average_value_size": 21, "num_data_blocks": 1, "num_entries": 2, "filter_policy_name": ""}}
2024/11/14-14:36:26.706685 70000b69b000 EVENT_LOG_v1 {"time_micros": 1731566186706675, "job": 1, "event": "recovery_finished"}
2024/11/14-14:36:26.712063 70000beb6000 (Original Log Time 2024/11/14-14:36:26.711915) [/db_impl_compaction_flush.cc:2466] [default] Moving #10 to level-1 802 bytes
2024/11/14-14:36:26.712068 70000beb6000 (Original Log Time 2024/11/14-14:36:26.712036) EVENT_LOG_v1 {"time_micros": 1731566186712028, "job": 3, "event": "trivial_move", "destination_level": 1, "files": 1, "total_files_size": 802}
2024/11/14-14:36:26.712071 70000beb6000 (Original Log Time 2024/11/14-14:36:26.712041) [/db_impl_compaction_flush.cc:2495] [default] Moved #1 files to level-1 802 bytes OK: files[1 1 0 0 0 0 0] max score 0.50
2024/11/14-14:36:26.712165 70000b69b000 [/db_impl_open.cc:1314] DB pointer 0x7fe9dedbc400
2024/11/14-14:36:26.712537 7000120e2000 [WARN] [/db_impl.cc:669] ------- DUMPING STATS -------
2024/11/14-14:36:26.712545 7000120e2000 [WARN] [/db_impl.cc:670] 
** DB Stats **
Uptime(secs): 0.0 total, 0.0 interval
Cumulative writes: 0 writes, 0 keys, 0 commit groups, 0.0 writes per commit group, ingest: 0.00 GB, 0.00 MB/s
Cumulative WAL: 0 writes, 0 syncs, 0.00 writes per sync, written: 0.00 GB, 0.00 MB/s
Cumulative stall: 00:00:0.000 H:M:S, 0.0 percent
Interval writes: 0 writes, 0 keys, 0 commit groups, 0.0 writes per commit group, ingest: 0.00 MB, 0.00 MB/s
Interval WAL: 0 writes, 0 syncs, 0.00 writes per sync, written: 0.00 MB, 0.00 MB/s
Interval stall: 00:00:0.000 H:M:S, 0.0 percent

** Compaction Stats [default] **
Level    Files   Size     Score Read(GB)  Rn(GB) Rnp1(GB) Write(GB) Wnew(GB) Moved(GB) W-Amp Rd(MB/s) Wr(MB/s) Comp(sec) Comp(cnt) Avg(sec) KeyIn KeyDrop
----------------------------------------------------------------------------------------------------------------------------------------------------------
  L0      1/0    0.78 KB   0.5      0.0     0.0      0.0       0.0      0.0       0.0   1.0      0.0      0.8         0         1    0.001       0      0
  L1      1/0    0.78 KB   0.0      0.0     0.0      0.0       0.0      0.0       0.0   0.0      0.0      0.0         0         0    0.000       0      0
 Sum      2/0    1.57 KB   0.0      0.0     0.0      0.0       0.0      0.0       0.0   1.0      0.0      0.8         0         1    0.001       0      0
 Int      0/0    0.00 KB   0.0      0.0     0.0      0.0       0.0      0.0       0.0   1.0      0.0      0.8         0         1    0.001       0      0
Uptime(secs): 0.0 total, 0.0 interval
Flush(GB): cumulative 0.000, interval 0.000
AddFile(GB): cumulative 0.000, interval 0.000
AddFile(Total Files): cumulative 0, interval 0
AddFile(L0 Files): cumulative 0, interval 0
AddFile(Keys): cumulative 0, interval 0
Cumulative compaction: 0.00 GB write, 0.02 MB/s write, 0.00 GB read, 0.00 MB/s read, 0.0 seconds
Interval compaction: 0.00 GB write, 0.02 MB/s write, 0.00 GB read, 0.00 MB/s read, 0.0 seconds
Stalls(count): 0 level0_slowdown, 0 level0_slowdown_with_compaction, 0 level0_numfiles, 0 level0_numfiles_with_compaction, 0 stop for pending_compaction_bytes, 0 slowdown for pending_compaction_bytes, 0 memtable_compaction, 0 memtable_slowdown, interval 0 total count

** File Read Latency Histogram By Level [default] **
** Level 0 read latency histogram (micros):
Count: 10 Average: 17.3000  StdDev: 43.25
Min: 2  Median: 2.0000  Max: 147
Percentiles: P50: 2.00 P75: 3.75 P99: 147.00 P99.9: 147.00 P99.99: 147.00
------------------------------------------------------
(       1,       2 ]        5  50.000%  50.000% ##########
(       2,       3 ]        1  10.000%  60.000% ##
(       3,       4 ]        2  20.000%  80.000% ####
(       4,       6 ]        1  10.000%  90.000% ##
(     110,     170 ]        1  10.000% 100.000% ##


** Compaction Stats [Configuration] **
Level    Files   Size     Score Read(GB)  Rn(GB) Rnp1(GB) Write(GB) Wnew(GB) Moved(GB) W-Amp Rd(MB/s) Wr(MB/s) Comp(sec) Comp(cnt) Avg(sec) KeyIn KeyDrop
----------------------------------------------------------------------------------------------------------------------------------------------------------
  L0      2/1    1.62 KB   0.5      0.0     0.0      0.0       0.0      0.0       0.0   1.0      0.0      0.9         0         1    0.001       0      0
 Sum      2/1    1.62 KB   0.0      0.0     0.0      0.0       0.0      0.0       0.0   1.0      0.0      0.9         0         1    0.001       0      0
 Int      0/0    0.00 KB   0.0      0.0     0.0      0.0       0.0      0.0       0.0   1.0      0.0      0.9         0         1    0.001       0      0
Uptime(secs): 0.0 total, 0.0 interval
Flush(GB): cumulative 0.000, interval 0.000
AddFile(GB): cumulative 0.000, interval 0.000
AddFile(Total Files): cumulative 0, interval 0
AddFile(L0 Files): cumulative 0, interval 0
AddFile(Keys): cumulative 0, interval 0
Cumulative compaction: 0.00 GB write, 0.03 MB/s write, 0.00 GB read, 0.00 MB/s read, 0.0 seconds
Interval compaction: 0.00 GB write, 0.03 MB/s write, 0.00 GB read, 0.00 MB/s read, 0.0 seconds
Stalls(count): 0 level0_slowdown, 0 level0_slowdown_with_compaction, 0 level0_numfiles, 0 level0_numfiles_with_compaction, 0 stop for pending_compaction_bytes, 0 slowdown for pending_compaction_bytes, 0 memtable_compaction, 0 memtable_slowdown, interval 0 total count

** File Read Latency Histogram By Level [Configuration] **
** Level 0 read latency histogram (micros):
Count: 10 Average: 18.3000  StdDev: 44.25
Min: 2  Median: 3.0000  Max: 151
Percentiles: P50: 3.00 P75: 5.00 P99: 151.00 P99.9: 151.00 P99.99: 151.00
------------------------------------------------------
(       1,       2 ]        3  30.000%  30.000% ######
(       2,       3 ]        2  20.000%  50.000% ####
(       3,       4 ]        1  10.000%  60.000% ##
(       4,       6 ]        3  30.000%  90.000% ######
(     110,     170 ]        1  10.000% 100.000% ##


** Compaction Stats [default] **
Level    Files   Size     Score Read(GB)  Rn(GB) Rnp1(GB) Write(GB) Wnew(GB) Moved(GB) W-Amp Rd(MB/s) Wr(MB/s) Comp(sec) Comp(cnt) Avg(sec) KeyIn KeyDrop
----------------------------------------------------------------------------------------------------------------------------------------------------------
  L0      1/0    0.78 KB   0.5      0.0     0.0      0.0       0.0      0.0       0.0   1.0      0.0      0.8         0         1    0.001       0      0
  L1      1/0    0.78 KB   0.0      0.0     0.0      0.0       0.0      0.0       0.0   0.0      0.0      0.0         0         0    0.000       0      0
 Sum      2/0    1.57 KB   0.0      0.0     0.0      0.0       0.0      0.0       0.0   1.0      0.0      0.8         0         1    0.001       0      0
 Int      0/0    0.00 KB   0.0      0.0     0.0      0.0       0.0      0.0       0.0   0.0      0.0      0.0         0         0    0.000       0      0
Uptime(secs): 0.0 total, 0.0 interval
Flush(GB): cumulative 0.000, interval 0.000
AddFile(GB): cumulative 0.000, interval 0.000
AddFile(Total Files): cumulative 0, interval 0
AddFile(L0 Files): cumulative 0, interval 0
AddFile(Keys): cumulative 0, interval 0
Cumulative compaction: 0.00 GB write, 0.02 MB/s write, 0.00 GB read, 0.00 MB/s read, 0.0 seconds
Interval compaction: 0.00 GB write, 0.00 MB/s write, 0.00 GB read, 0.00 MB/s read, 0.0 seconds
Stalls(count): 0 level0_slowdown, 0 level0_slowdown_with_compaction, 0 level0_numfiles, 0 level0_numfiles_with_compaction, 0 stop for pending_compaction_bytes, 0 slowdown for pending_compaction_bytes, 0 memtable_compaction, 0 memtable_slowdown, interval 0 total count

** File Read Latency Histogram By Level [default] **
** Level 0 read latency histogram (micros):
Count: 10 Average: 17.3000  StdDev: 43.25
Min: 2  Median: 2.0000  Max: 147
Percentiles: P50: 2.00 P75: 3.75 P99: 147.00 P99.9: 147.00 P99.99: 147.00
------------------------------------------------------
(       1,       2 ]        5  50.000%  50.000% ##########
(       2,       3 ]        1  10.000%  60.000% ##
(       3,       4 ]        2  20.000%  80.000% ####
(       4,       6 ]        1  10.000%  90.000% ##
(     110,     170 ]        1  10.000% 100.000% ##


** Compaction Stats [Configuration] **
Level    Files   Size     Score Read(GB)  Rn(GB) Rnp1(GB) Write(GB) Wnew(GB) Moved(GB) W-Amp Rd(MB/s) Wr(MB/s) Comp(sec) Comp(cnt) Avg(sec) KeyIn KeyDrop
----------------------------------------------------------------------------------------------------------------------------------------------------------
  L0      2/1    1.62 KB   0.5      0.0     0.0      0.0       0.0      0.0       0.0   1.0      0.0      0.9         0         1    0.001       0      0
 Sum      2/1    1.62 KB   0.0      0.0     0.0      0.0       0.0      0.0       0.0   1.0      0.0      0.9         0         1    0.001       0      0
 Int      0/0    0.00 KB   0.0      0.0     0.0      0.0       0.0      0.0       0.0   0.0      0.0      0.0         0         0    0.000       0      0
Uptime(secs): 0.0 total, 0.0 interval
Flush(GB): cumulative 0.000, interval 0.000
AddFile(GB): cumulative 0.000, interval 0.000
AddFile(Total Files): cumulative 0, interval 0
AddFile(L0 Files): cumulative 0, interval 0
AddFile(Keys): cumulative 0, interval 0
Cumulative compaction: 0.00 GB write, 0.02 MB/s write, 0.00 GB read, 0.00 MB/s read, 0.0 seconds
Interval compaction: 0.00 GB write, 0.00 MB/s write, 0.00 GB read, 0.00 MB/s read, 0.0 seconds
Stalls(count): 0 level0_slowdown, 0 level0_slowdown_with_compaction, 0 level0_numfiles, 0 level0_numfiles_with_compaction, 0 stop for pending_compaction_bytes, 0 slowdown for pending_compaction_bytes, 0 memtable_compaction, 0 memtable_slowdown, interval 0 total count

** File Read Latency Histogram By Level [Configuration] **
** Level 0 read latency histogram (micros):
Count: 10 Average: 18.3000  StdDev: 44.25
Min: 2  Median: 3.0000  Max: 151
Percentiles: P50: 3.00 P75: 5.00 P99: 151.00 P99.9: 151.00 P99.99: 151.00
------------------------------------------------------
(       1,       2 ]        3  30.000%  30.000% ######
(       2,       3 ]        2  20.000%  50.000% ####
(       3,       4 ]        1  10.000%  60.000% ##
(       4,       6 ]        3  30.000%  90.000% ######
(     110,     170 ]        1  10.000% 100.000% ##

2024/11/14-14:36:26.712576 70000beb6000 (Original Log Time 2024/11/14-14:36:26.712113) [/db_impl_compaction_flush.cc:2466] [Configuration] Moving #12 to level-1 846 bytes
2024/11/14-14:36:26.712606 70000beb6000 (Original Log Time 2024/11/14-14:36:26.712559) EVENT_LOG_v1 {"time_micros": 1731566186712553, "job": 4, "event": "trivial_move", "destination_level": 1, "files": 1, "total_files_size": 846}
2024/11/14-14:36:26.712610 70000beb6000 (Original Log Time 2024/11/14-14:36:26.712563) [/db_impl_compaction_flush.cc:2495] [Configuration] Moved #1 files to level-1 846 bytes OK: files[1 1 0 0 0 0 0] max score 0.50
2024/11/14-14:36:26.713104 7000120e2000 [WARN] [/db_impl.cc:617] STATISTICS:
 rocksdb.block.cache.miss COUNT : 4
rocksdb.block.cache.hit COUNT : 0
rocksdb.block.cache.add COUNT : 4
rocksdb.block.cache.add.failures COUNT : 0
rocksdb.block.cache.index.miss COUNT : 4
rocksdb.block.cache.index.hit COUNT : 0
rocksdb.block.cache.index.add COUNT : 4
rocksdb.block.cache.index.bytes.insert COUNT : 408
rocksdb.block.cache.index.bytes.evict COUNT : 0
rocksdb.block.cache.filter.miss COUNT : 0
rocksdb.block.cache.filter.hit COUNT : 0
rocksdb.block.cache.filter.add COUNT : 0
rocksdb.block.cache.filter.bytes.insert COUNT : 0
rocksdb.block.cache.filter.bytes.evict COUNT : 0
rocksdb.block.cache.data.miss COUNT : 0
rocksdb.block.cache.data.hit COUNT : 0
rocksdb.block.cache.data.add COUNT : 0
rocksdb.block.cache.data.bytes.insert COUNT : 0
rocksdb.block.cache.bytes.read COUNT : 0
rocksdb.block.cache.bytes.write COUNT : 408
rocksdb.bloom.filter.useful COUNT : 0
rocksdb.bloom.filter.full.positive COUNT : 0
rocksdb.bloom.filter.full.true.positive COUNT : 0
rocksdb.persistent.cache.hit COUNT : 0
rocksdb.persistent.cache.miss COUNT : 0
rocksdb.sim.block.cache.hit COUNT : 0
rocksdb.sim.block.cache.miss COUNT : 0
rocksdb.memtable.hit COUNT : 0
rocksdb.memtable.miss COUNT : 0
rocksdb.l0.hit COUNT : 0
rocksdb.l1.hit COUNT : 0
rocksdb.l2andup.hit COUNT : 0
rocksdb.compaction.key.drop.new COUNT : 0
rocksdb.compaction.key.drop.obsolete COUNT : 0
rocksdb.compaction.key.drop.range_del COUNT : 0
rocksdb.compaction.key.drop.user COUNT : 0
rocksdb.compaction.range_del.drop.obsolete COUNT : 0
rocksdb.compaction.optimized.del.drop.obsolete COUNT : 0
rocksdb.compaction.cancelled COUNT : 0
rocksdb.number.keys.written COUNT : 0
rocksdb.number.keys.read COUNT : 0
rocksdb.number.keys.updated COUNT : 0
rocksdb.bytes.written COUNT : 0
rocksdb.bytes.read COUNT : 0
rocksdb.number.db.seek COUNT : 0
rocksdb.number.db.next COUNT : 0
rocksdb.number.db.prev COUNT : 0
rocksdb.number.db.seek.found COUNT : 0
rocksdb.number.db.next.found COUNT : 0
rocksdb.number.db.prev.found COUNT : 0
rocksdb.db.iter.bytes.read COUNT : 0
rocksdb.no.file.closes COUNT : 0
rocksdb.no.file.opens COUNT : 4
rocksdb.no.file.errors COUNT : 0
rocksdb.l0.slowdown.micros COUNT : 0
rocksdb.memtable.compaction.micros COUNT : 0
rocksdb.l0.num.files.stall.micros COUNT : 0
rocksdb.stall.micros COUNT : 0
rocksdb.db.mutex.wait.micros COUNT : 0
rocksdb.rate.limit.delay.millis COUNT : 0
rocksdb.num.iterators COUNT : 0
rocksdb.number.multiget.get COUNT : 0
rocksdb.number.multiget.keys.read COUNT : 0
rocksdb.number.multiget.bytes.read COUNT : 0
rocksdb.number.deletes.filtered COUNT : 0
rocksdb.number.merge.failures COUNT : 0
rocksdb.bloom.filter.prefix.checked COUNT : 0
rocksdb.bloom.filter.prefix.useful COUNT : 0
